# Matter power spectrum P(k) at redshift z=0
# for k=9.99427e-06 to 4.14551 h/Mpc,
# number of wavenumbers equal to 613
#    1:k (h/Mpc)              2:P (Mpc/h)^3        
       9.994266526544e-06       5.436154225686e+01 
       2.231706605539e-05       1.181213578108e+02 
       3.467952712444e-05       1.808242416049e+02 
       4.711208579580e-05       2.431006387930e+02 
       5.964563914926e-05       3.053079890838e+02 
       7.231179750599e-05       3.677131102175e+02 
       8.514314406060e-05       4.305432174786e+02 
       9.817350510305e-05       4.940067367364e+02 
       1.114382340378e-04       5.583038712873e+02 
       1.249745124362e-04       6.236329444193e+02 
       1.388216713744e-04       6.901947195838e+02 
       1.530215362894e-04       7.581956841661e+02 
       1.676187984984e-04       8.278508670210e+02 
       1.826614163317e-04       8.993862746927e+02 
       1.982010484685e-04       9.730412247069e+02 
       2.142935214638e-04       1.049070756574e+03 
       2.309993325181e-04       1.127747817021e+03 
       2.483841871421e-04       1.209365564334e+03 
       2.665195693478e-04       1.294239910370e+03 
       2.854833391719e-04       1.382711565035e+03 
       3.053603484602e-04       1.475148459198e+03 
       3.262430606825e-04       1.571947943801e+03 
       3.482321538181e-04       1.673538564358e+03 
       3.714370768278e-04       1.780381670261e+03 
       3.959765197565e-04       1.892972438847e+03 
       4.219787451380e-04       2.011839635657e+03 
       4.495817144764e-04       2.137545226449e+03 
       4.789329290730e-04       2.270681205066e+03 
       5.101888910197e-04       2.411865553926e+03 
       5.435140804429e-04       2.561735262935e+03 
       5.790793428027e-04       2.720937077169e+03 
       6.170595899992e-04       2.890114534518e+03 
       6.576307464478e-04       3.069892398211e+03 
       7.009659207547e-04       3.260857672969e+03 
       7.472308573439e-04       3.463537595300e+03 
       7.965788178177e-04       3.678376472248e+03 
       8.491451496707e-04       3.905711379228e+03 
       9.050419032324e-04       4.145749962119e+03 
       9.643529333887e-04       4.398550017682e+03 
       1.027129946585e-03       4.664007521670e+03 
       1.093389908105e-03       4.941848507973e+03 
       1.163114106101e-03       5.231631345415e+03 
       1.236248992468e-03       5.532757670404e+03 
       1.312708718386e-03       5.844488316715e+03 
       1.381837331894e-03       6.123613364818e+03 
       1.392379094468e-03       6.165954138934e+03 
       1.475122568367e-03       6.496236303638e+03 
       1.560783748221e-03       6.834338984252e+03 
       1.649195010731e-03       7.179237387540e+03 
       1.740181803266e-03       7.529903413514e+03 
       1.833567355522e-03       7.885327517301e+03 
       1.929176632176e-03       8.244536899639e+03 
       2.026839463385e-03       8.606608251390e+03 
       2.126392872543e-03       8.970677599510e+03 
       2.227682676653e-03       9.335945547273e+03 
       2.330564465436e-03       9.701680017356e+03 
       2.434904076243e-03       1.006721537826e+04 
       2.540577678703e-03       1.043195019078e+04 
       2.647471571521e-03       1.079534781815e+04 
       2.755481778301e-03       1.115692710780e+04 
       2.864513512735e-03       1.151626222359e+04 
       2.974480567900e-03       1.187297694393e+04 
       3.085304670724e-03       1.222674008981e+04 
       3.196914831296e-03       1.257726136353e+04 
       3.309246707569e-03       1.292428776087e+04 
       3.422241998970e-03       1.326759902133e+04 
       3.535847877107e-03       1.360700559477e+04 
       3.650016457917e-03       1.394234412508e+04 
       3.764704316830e-03       1.427347506183e+04 
       3.879872046656e-03       1.460028117628e+04 
       3.995483856642e-03       1.492266254359e+04 
       4.111507210414e-03       1.524053880773e+04 
       4.227912500064e-03       1.555384227401e+04 
       4.344672753458e-03       1.586252031474e+04 
       4.461763371850e-03       1.616653176971e+04 
       4.579161894908e-03       1.646584400552e+04 
       4.696847790466e-03       1.676043738968e+04 
       4.814802266456e-03       1.705029826983e+04 
       4.933008102693e-03       1.733541927489e+04 
       5.051449500395e-03       1.761576665287e+04 
       5.170111947528e-03       1.789138039238e+04 
       5.288982098225e-03       1.816227983908e+04 
       5.408047664765e-03       1.842845342258e+04 
       5.527297320702e-03       1.869001359754e+04 
       5.646720613947e-03       1.894689348951e+04 
       5.766307888675e-03       1.919913291079e+04 
       5.886050215127e-03       1.944675202223e+04 
       6.005939326414e-03       1.968978005755e+04 
       6.125967561582e-03       1.992825232306e+04 
       6.246127814253e-03       2.016220206392e+04 
       6.366413486255e-03       2.039166986923e+04 
       6.486818445690e-03       2.061669049134e+04 
       6.607336988999e-03       2.083731054754e+04 
       6.727963806579e-03       2.105355950342e+04 
       6.848693951601e-03       2.126547781888e+04 
       6.969522811694e-03       2.147311878113e+04 
       7.090446083203e-03       2.167650787100e+04 
       7.211459747755e-03       2.187570966055e+04 
       7.332560050922e-03       2.207074306127e+04 
       7.453743482744e-03       2.226166167227e+04 
       7.575006759960e-03       2.244846804950e+04 
       7.696346809762e-03       2.263128193328e+04 
       7.817760754925e-03       2.281012999870e+04 
       7.939245900203e-03       2.298499326259e+04 
       8.060799719843e-03       2.315597011975e+04 
       8.182419846140e-03       2.332308184547e+04 
       8.304104058917e-03       2.348637310679e+04 
       8.425850275857e-03       2.364589774989e+04 
       8.547656543607e-03       2.380167505477e+04 
       8.669521029587e-03       2.395377530294e+04 
       8.791442014441e-03       2.410220211837e+04 
       8.913417885066e-03       2.424704457796e+04 
       9.035447128187e-03       2.438829307964e+04 
       9.157528324417e-03       2.452603688334e+04 
       9.279660142760e-03       2.466025249763e+04 
       9.401841335534e-03       2.479103588593e+04 
       9.524070733667e-03       2.491843073708e+04 
       9.646347242333e-03       2.504245733581e+04 
       9.768669836920e-03       2.516316180441e+04 
       9.891037559275e-03       2.528056522593e+04 
       1.001344951423e-02       2.539477031706e+04 
       1.013590486637e-02       2.550567615480e+04 
       1.025840283705e-02       2.561342919585e+04 
       1.038094270157e-02       2.571808289012e+04 
       1.050352378661e-02       2.581969946677e+04 
       1.062614546784e-02       2.591818094206e+04 
       1.074880716762e-02       2.601355267622e+04 
       1.087150835296e-02       2.610601110308e+04 
       1.099424853355e-02       2.619552340974e+04 
       1.111702725998e-02       2.628211880194e+04 
       1.123984412203e-02       2.636590243226e+04 
       1.136269874711e-02       2.644667775936e+04 
       1.148559079879e-02       2.652472360407e+04 
       1.160851997546e-02       2.659999163633e+04 
       1.173148600907e-02       2.667253221449e+04 
       1.185448866391e-02       2.674231826490e+04 
       1.197752773556e-02       2.680952475124e+04 
       1.210060304985e-02       2.687393855247e+04 
       1.222371446193e-02       2.693588773166e+04 
       1.234686185535e-02       2.699510341018e+04 
       1.247004514130e-02       2.705193887894e+04 
       1.259326425781e-02       2.710608228000e+04 
       1.271651916908e-02       2.715783306297e+04 
       1.283980986481e-02       2.720711723798e+04 
       1.296313635962e-02       2.725399869312e+04 
       1.308649869248e-02       2.729845828861e+04 
       1.320989692622e-02       2.734054237830e+04 
       1.333333114707e-02       2.738035938674e+04 
       1.345680146420e-02       2.741782103883e+04 
       1.358030800940e-02       2.745311183316e+04 
       1.370385093666e-02       2.748598113835e+04 
       1.381837331894e-02       2.751456004157e+04 
       1.382743042188e-02       2.751681116830e+04 
       1.395104666260e-02       2.754536832304e+04 
       1.407469987773e-02       2.757167001669e+04 
       1.419839030733e-02       2.759603629620e+04 
       1.432211821242e-02       2.761820931176e+04 
       1.444588387479e-02       2.763822251416e+04 
       1.456968759690e-02       2.765625186510e+04 
       1.469352970172e-02       2.767229577590e+04 
       1.481741053265e-02       2.768632897499e+04 
       1.494133045346e-02       2.769848253803e+04 
       1.506528984823e-02       2.770849911978e+04 
       1.518928912135e-02       2.771675654139e+04 
       1.531332869746e-02       2.772309081079e+04 
       1.543740902153e-02       2.772764284571e+04 
       1.556153055885e-02       2.773027462851e+04 
       1.568569379510e-02       2.773101691374e+04 
       1.580989923642e-02       2.773005349657e+04 
       1.593414740953e-02       2.772734568915e+04 
       1.605843886177e-02       2.772289120810e+04 
       1.618277416132e-02       2.771674929257e+04 
       1.630715389727e-02       2.770890271269e+04 
       1.643157867980e-02       2.769938552492e+04 
       1.655604914041e-02       2.768823904296e+04 
       1.668056593204e-02       2.767557790480e+04 
       1.680512972934e-02       2.766114787488e+04 
       1.692974122887e-02       2.764526550794e+04 
       1.705440114936e-02       2.762780599557e+04 
       1.717911023196e-02       2.760882270214e+04 
       1.730386924054e-02       2.758836677085e+04 
       1.742867896196e-02       2.756645578294e+04 
       1.755354020640e-02       2.754305871942e+04 
       1.767845380768e-02       2.751824394501e+04 
       1.780342062360e-02       2.749208843177e+04 
       1.792844153633e-02       2.746440299469e+04 
       1.805351745273e-02       2.743544095192e+04 
       1.817864930481e-02       2.740512409619e+04 
       1.830383805010e-02       2.737347578522e+04 
       1.842908467207e-02       2.734057402565e+04 
       1.855439018064e-02       2.730633350420e+04 
       1.867975561256e-02       2.727090896623e+04 
       1.880518203194e-02       2.723421327139e+04 
       1.893067053076e-02       2.719629595068e+04 
       1.905622222936e-02       2.715719504448e+04 
       1.918183827697e-02       2.711694417251e+04 
       1.930751985230e-02       2.707549871840e+04 
       1.943326816410e-02       2.703295111370e+04 
       1.955908445174e-02       2.698923177962e+04 
       1.968496998586e-02       2.694447607462e+04 
       1.981092606897e-02       2.689863482818e+04 
       1.993695403614e-02       2.685173205779e+04 
       2.006305525565e-02       2.680374869899e+04 
       2.018923112972e-02       2.675486840572e+04 
       2.031548309522e-02       2.670486792058e+04 
       2.044181262441e-02       2.665393733076e+04 
       2.056822122574e-02       2.660202675484e+04 
       2.069471044463e-02       2.654920618944e+04 
       2.082128186429e-02       2.649552001109e+04 
       2.094793710656e-02       2.644074129454e+04 
       2.107467783283e-02       2.638511711696e+04 
       2.120150574489e-02       2.632873588938e+04 
       2.132842258588e-02       2.627146771257e+04 
       2.145543014129e-02       2.621330704435e+04 
       2.158253023988e-02       2.615435282952e+04 
       2.170972475477e-02       2.609458539631e+04 
       2.183701560445e-02       2.603401805259e+04 
       2.196440475389e-02       2.597272965547e+04 
       2.209189421566e-02       2.591060611175e+04 
       2.221948605108e-02       2.584782144868e+04 
       2.234718237143e-02       2.578433668566e+04 
       2.247498533917e-02       2.572005896998e+04 
       2.260289716920e-02       2.565511446166e+04 
       2.273092013022e-02       2.558949075217e+04 
       2.285905654601e-02       2.552326611766e+04 
       2.298730879691e-02       2.545637391293e+04 
       2.311567932118e-02       2.538881621833e+04 
       2.324417061656e-02       2.532066747844e+04 
       2.337278524176e-02       2.525191327435e+04 
       2.350152581806e-02       2.518257960684e+04 
       2.363039503097e-02       2.511268389269e+04 
       2.375939563188e-02       2.504223039736e+04 
       2.388853043984e-02       2.497123069978e+04 
       2.401780234335e-02       2.489972524975e+04 
       2.414721430223e-02       2.482766327375e+04 
       2.427676934957e-02       2.475509963067e+04 
       2.440647059367e-02       2.468206261668e+04 
       2.453632122015e-02       2.460855812809e+04 
       2.466632449404e-02       2.453462364133e+04 
       2.479648376202e-02       2.446019014649e+04 
       2.492680245466e-02       2.438536796659e+04 
       2.505728408881e-02       2.431011704789e+04 
       2.518793227000e-02       2.423437963158e+04 
       2.531875069501e-02       2.415829197092e+04 
       2.544974315443e-02       2.408184144530e+04 
       2.558091353540e-02       2.400502174857e+04 
       2.571226582440e-02       2.392784947739e+04 
       2.584380411013e-02       2.385020019805e+04 
       2.597553258655e-02       2.377236109345e+04 
       2.610745555596e-02       2.369413982614e+04 
       2.623957743226e-02       2.361561793681e+04 
       2.637190274426e-02       2.353685830105e+04 
       2.650443613917e-02       2.345763803249e+04 
       2.663718238621e-02       2.337822349910e+04 
       2.677014638031e-02       2.329856410483e+04 
       2.690333314602e-02       2.321861730554e+04 
       2.703674784152e-02       2.313842605982e+04 
       2.717039576279e-02       2.305793903178e+04 
       2.730428234797e-02       2.297725626472e+04 
       2.743841318183e-02       2.289636574165e+04 
       2.757279400052e-02       2.281522989311e+04 
       2.770743069637e-02       2.273393588084e+04 
       2.784232932301e-02       2.265247353844e+04 
       2.797749610060e-02       2.257073569727e+04 
       2.811293742137e-02       2.248893839049e+04 
       2.824865985525e-02       2.240682145079e+04 
       2.838467015587e-02       2.232461881249e+04 
       2.852097526674e-02       2.224221904528e+04 
       2.865758232769e-02       2.215981269831e+04 
       2.879449868158e-02       2.207714470497e+04 
       2.893173188134e-02       2.199438691851e+04 
       2.906928969726e-02       2.191149849508e+04 
       2.920718012461e-02       2.182850237523e+04 
       2.934541139161e-02       2.174540022024e+04 
       2.948399196773e-02       2.166225797526e+04 
       2.962293057240e-02       2.157897522562e+04 
       2.976223618403e-02       2.149561194621e+04 
       2.990191804953e-02       2.141217008032e+04 
       3.004198569423e-02       2.132858255372e+04 
       3.018244893222e-02       2.124503506553e+04 
       3.032331787721e-02       2.116137147745e+04 
       3.046460295392e-02       2.107767047328e+04 
       3.060631490998e-02       2.099394269258e+04 
       3.074846482837e-02       2.091014000336e+04 
       3.089106414054e-02       2.082638854620e+04 
       3.103412464010e-02       2.074248057633e+04 
       3.117765849722e-02       2.065862693889e+04 
       3.132167827375e-02       2.057471398907e+04 
       3.146619693907e-02       2.049072316565e+04 
       3.161122788679e-02       2.040683961236e+04 
       3.175678495226e-02       2.032300050411e+04 
       3.190288243102e-02       2.023899108931e+04 
       3.204953509820e-02       2.015510911400e+04 
       3.219675822896e-02       2.007117955816e+04 
       3.234456762001e-02       1.998724882423e+04 
       3.249297961231e-02       1.990332941448e+04 
       3.264201111501e-02       1.981946028072e+04 
       3.279167963066e-02       1.973556543417e+04 
       3.294200328190e-02       1.965171974645e+04 
       3.309300083964e-02       1.956788429733e+04 
       3.324469175282e-02       1.948418089533e+04 
       3.339709617989e-02       1.940041488683e+04 
       3.355023502218e-02       1.931662765247e+04 
       3.370412995915e-02       1.923296212227e+04 
       3.385880348587e-02       1.914933920408e+04 
       3.401427895264e-02       1.906572506848e+04 
       3.417058060711e-02       1.898219482621e+04 
       3.432773363903e-02       1.889859103430e+04 
       3.448576422767e-02       1.881509324961e+04 
       3.464469959246e-02       1.873165051371e+04 
       3.480456804668e-02       1.864827851544e+04 
       3.496539905477e-02       1.856488189528e+04 
       3.512722329339e-02       1.848156122775e+04 
       3.529007271651e-02       1.839831068907e+04 
       3.545398062495e-02       1.831509236463e+04 
       3.561898174067e-02       1.823186647337e+04 
       3.578511228622e-02       1.814873850108e+04 
       3.595241006978e-02       1.806562277823e+04 
       3.612091457622e-02       1.798252842467e+04 
       3.629066706487e-02       1.789952716692e+04 
       3.646171067428e-02       1.781651447063e+04 
       3.663409053498e-02       1.773363747985e+04 
       3.680785389053e-02       1.765061235353e+04 
       3.698305022804e-02       1.756775483540e+04 
       3.715973141869e-02       1.748487936709e+04 
       3.733795186940e-02       1.740197623592e+04 
       3.751776868662e-02       1.731918464436e+04 
       3.769924185345e-02       1.723637273438e+04 
       3.788243442139e-02       1.715351263318e+04 
       3.806741271818e-02       1.707061804568e+04 
       3.825424657329e-02       1.698785654781e+04 
       3.844300956310e-02       1.690502627449e+04 
       3.863377927753e-02       1.682219398990e+04 
       3.882663761061e-02       1.673938336854e+04 
       3.902167107754e-02       1.665646744034e+04 
       3.921897116114e-02       1.657355467651e+04 
       3.941863469094e-02       1.649057697812e+04 
       3.962076425876e-02       1.640755532153e+04 
       3.982546867479e-02       1.632452697011e+04 
       4.003286346927e-02       1.624135875585e+04 
       4.024307144494e-02       1.615814005313e+04 
       4.045622328671e-02       1.607477239023e+04 
       4.067245823559e-02       1.599131935639e+04 
       4.089192483508e-02       1.590782280687e+04 
       4.111478175950e-02       1.582414763934e+04 
       4.134119873502e-02       1.574036529058e+04 
       4.157135756601e-02       1.565630758383e+04 
       4.180545328118e-02       1.557215316493e+04 
       4.204369541649e-02       1.548773974084e+04 
       4.228630945442e-02       1.540317938798e+04 
       4.253353844268e-02       1.531835089740e+04 
       4.278564481935e-02       1.523325139665e+04 
       4.304291247616e-02       1.514790977166e+04 
       4.330564909749e-02       1.506218343488e+04 
       4.357418881937e-02       1.497620085143e+04 
       4.384889526137e-02       1.488974528883e+04 
       4.413016499425e-02       1.480298996407e+04 
       4.441843151894e-02       1.471568231152e+04 
       4.471416984732e-02       1.462799073535e+04 
       4.501790179438e-02       1.453974391608e+04 
       4.533020211437e-02       1.445089931403e+04 
       4.565170564240e-02       1.436146700060e+04 
       4.598311563875e-02       1.427135879534e+04 
       4.632521357835e-02       1.418054155372e+04 
       4.667887068387e-02       1.408881557378e+04 
       4.704506157260e-02       1.399628388959e+04 
       4.742488047693e-02       1.390268846745e+04 
       4.781956061314e-02       1.380809935634e+04 
       4.823049741829e-02       1.371224538822e+04 
       4.865927656146e-02       1.361517261200e+04 
       4.910770787127e-02       1.351656487917e+04 
       4.957786662346e-02       1.341630250935e+04 
       5.007214401207e-02       1.331426835255e+04 
       5.059330910446e-02       1.321010203339e+04 
       5.114458516397e-02       1.310354331176e+04 
       5.172974391674e-02       1.299431159691e+04 
       5.235322210786e-02       1.288197856590e+04 
       5.302026543445e-02       1.276602836138e+04 
       5.373710540629e-02       1.264574666042e+04 
       5.451117431396e-02       1.252041214484e+04 
       5.535136114371e-02       1.238890918159e+04 
       5.626830475899e-02       1.224989035260e+04 
       5.727470591157e-02       1.210157615904e+04 
       5.838560977500e-02       1.194151515337e+04 
       5.961855563615e-02       1.176665080260e+04 
       6.099339989160e-02       1.157270884597e+04 
       6.253149574027e-02       1.135425681574e+04 
       6.425381046657e-02       1.110467299903e+04 
       6.617763915890e-02       1.081623012027e+04 
       6.831210727537e-02       1.048149449093e+04 
       7.065377638668e-02       1.009526830400e+04 
       7.318474971816e-02       9.657230619949e+03 
       7.587521245030e-02       9.173982504845e+03 
       7.868974571603e-02       8.659167909043e+03 
       8.159422891222e-02       8.131514989833e+03 
       8.456034660420e-02       7.611299990186e+03 
       8.756697594669e-02       7.117458872136e+03 
       9.059947876440e-02       6.664835820103e+03 
       9.364819661966e-02       6.263404183112e+03 
       9.670695560588e-02       5.917696996268e+03 
       9.977188738113e-02       5.627462383857e+03 
       1.028405980793e-01       5.388084538062e+03 
       1.059116174845e-01       5.191852104725e+03 
       1.089840467450e-01       5.030578280825e+03 
       1.120573377666e-01       4.894492563592e+03 
       1.151311567955e-01       4.773079357699e+03 
       1.182053006982e-01       4.656171799016e+03 
       1.212796458165e-01       4.535214391147e+03 
       1.243541168068e-01       4.404177492856e+03 
       1.274286676872e-01       4.260174643611e+03 
       1.305032703199e-01       4.103260679719e+03 
       1.335779074162e-01       3.935749797313e+03 
       1.366525682880e-01       3.761419475268e+03 
       1.381837331894e-01       3.673432279534e+03 
       1.397272462686e-01       3.584734990904e+03 
       1.428019371462e-01       3.410474466797e+03 
       1.458766382113e-01       3.243345266919e+03 
       1.489513476786e-01       3.087602576041e+03 
       1.520260643339e-01       2.946594450052e+03 
       1.551007873200e-01       2.822272147200e+03 
       1.581755160051e-01       2.715169977480e+03 
       1.612502499025e-01       2.624332475845e+03 
       1.643249886208e-01       2.547640489219e+03 
       1.673997318338e-01       2.482427777302e+03 
       1.704744792604e-01       2.425702299463e+03 
       1.735492306532e-01       2.374535084945e+03 
       1.766239857901e-01       2.326609778750e+03 
       1.796987444693e-01       2.279088992182e+03 
       1.827735065057e-01       2.229514735560e+03 
       1.858482717283e-01       2.176246134087e+03 
       1.889230399785e-01       2.118445361942e+03 
       1.919978111087e-01       2.056246927668e+03 
       1.950725849809e-01       1.990621586470e+03 
       1.981473614660e-01       1.923148413363e+03 
       2.012221404432e-01       1.855492915477e+03 
       2.042969217990e-01       1.789271130067e+03 
       2.073717054266e-01       1.725742897355e+03 
       2.104464912257e-01       1.665899440754e+03 
       2.135212791018e-01       1.610524743383e+03 
       2.165960689658e-01       1.560157466881e+03 
       2.196708607337e-01       1.515078435642e+03 
       2.227456543260e-01       1.475215608932e+03 
       2.258204496677e-01       1.440105680913e+03 
       2.288952466878e-01       1.408937757121e+03 
       2.319700453192e-01       1.380709655729e+03 
       2.350448454982e-01       1.354361209480e+03 
       2.381196471645e-01       1.328969735801e+03 
       2.411944502608e-01       1.303815926820e+03 
       2.442692547328e-01       1.278345293082e+03 
       2.473440605289e-01       1.252146658552e+03 
       2.504188676000e-01       1.224972976390e+03 
       2.534936758994e-01       1.196730120530e+03 
       2.565684853827e-01       1.167521932874e+03 
       2.596432960076e-01       1.137656577200e+03 
       2.627181077338e-01       1.107644085572e+03 
       2.657929205228e-01       1.078009823825e+03 
       2.688677343380e-01       1.049283862340e+03 
       2.719425491444e-01       1.021877947665e+03 
       2.750173649085e-01       9.960373351283e+02 
       2.780921815984e-01       9.719214169563e+02 
       2.811669991835e-01       9.495718752051e+02 
       2.842418176347e-01       9.289638891153e+02 
       2.873166369239e-01       9.099945532475e+02 
       2.903914570245e-01       8.924779085843e+02 
       2.934662779108e-01       8.761332568063e+02 
       2.965410995583e-01       8.606366760311e+02 
       2.996159219433e-01       8.456715709373e+02 
       3.026907450432e-01       8.309523048820e+02 
       3.057655688365e-01       8.163008915242e+02 
       3.088403933023e-01       8.015731393454e+02 
       3.119152184206e-01       7.867195959566e+02 
       3.149900441722e-01       7.717047053508e+02 
       3.180648705387e-01       7.565433352723e+02 
       3.211396975022e-01       7.412846082191e+02 
       3.242145250458e-01       7.260429306406e+02 
       3.272893531531e-01       7.109685251986e+02 
       3.303641818081e-01       6.962239986040e+02 
       3.334390109957e-01       6.819527606625e+02 
       3.365138407012e-01       6.682568346133e+02 
       3.395886709105e-01       6.551786722733e+02 
       3.426635016100e-01       6.427287217268e+02 
       3.457383327865e-01       6.308983082453e+02 
       3.488131644273e-01       6.196675243426e+02 
       3.518879965203e-01       6.090059656009e+02 
       3.549628290536e-01       5.988567012291e+02 
       3.580376620159e-01       5.891290112093e+02 
       3.611124953960e-01       5.797068759547e+02 
       3.641873291835e-01       5.704835277967e+02 
       3.672621633680e-01       5.613625335090e+02 
       3.703369979396e-01       5.523106958474e+02 
       3.734118328887e-01       5.433172883823e+02 
       3.764866682061e-01       5.343932068119e+02 
       3.795615038826e-01       5.255449357084e+02 
       3.826363399097e-01       5.167704999131e+02 
       3.857111762789e-01       5.080692113324e+02 
       3.887860129820e-01       4.994564021560e+02 
       3.918608500113e-01       4.909631773309e+02 
       3.949356873589e-01       4.826516117815e+02 
       3.980105250176e-01       4.745759837390e+02 
       4.010853629801e-01       4.667676635134e+02 
       4.041602012395e-01       4.592284111711e+02 
       4.072350397890e-01       4.519391405150e+02 
       4.103098786221e-01       4.448703623154e+02 
       4.133847177325e-01       4.380080391057e+02 
       4.164595571139e-01       4.313514899233e+02 
       4.195343967604e-01       4.249049085784e+02 
       4.226092366661e-01       4.186619981571e+02 
       4.256840768255e-01       4.125951434425e+02 
       4.287589172331e-01       4.066611193035e+02 
       4.318337578835e-01       4.008153133520e+02 
       4.349085987716e-01       3.950304020636e+02 
       4.379834398923e-01       3.893009829390e+02 
       4.410582812408e-01       3.836401098235e+02 
       4.441331228124e-01       3.780637302862e+02 
       4.472079646023e-01       3.725783129996e+02 
       4.502828066061e-01       3.671757666408e+02 
       4.533576488195e-01       3.618455383991e+02 
       4.564324912382e-01       3.565841546693e+02 
       4.595073338581e-01       3.514017420164e+02 
       4.625821766751e-01       3.463258425932e+02 
       4.656570196853e-01       3.413785929941e+02 
       4.687318628849e-01       3.365728338933e+02 
       4.718067062702e-01       3.319039440614e+02 
       4.748815498376e-01       3.273542691509e+02 
       4.779563935836e-01       3.229053665317e+02 
       4.810312375046e-01       3.185470209316e+02 
       4.841060815974e-01       3.142790855178e+02 
       4.871809258587e-01       3.101078943991e+02 
       4.902557702854e-01       3.060301790458e+02 
       4.933306148742e-01       3.020365886850e+02 
       4.964054596223e-01       2.981092626629e+02 
       4.994803045266e-01       2.942312160931e+02 
       5.025551495843e-01       2.903947855793e+02 
       5.056299947925e-01       2.866031725864e+02 
       5.087048401486e-01       2.828669198100e+02 
       5.117796856498e-01       2.791953765241e+02 
       5.148545312935e-01       2.755908629952e+02 
       5.179293770773e-01       2.720490562914e+02 
       5.210042229986e-01       2.685623361783e+02 
       5.240790690550e-01       2.651288051235e+02 
       5.271539152440e-01       2.617520215733e+02 
       5.302287615635e-01       2.584401952076e+02 
       5.333036080111e-01       2.551994867302e+02 
       5.363784545847e-01       2.520301174376e+02 
       5.394533012820e-01       2.489250179421e+02 
       5.425281481010e-01       2.458756359980e+02 
       5.456029950395e-01       2.428756857227e+02 
       5.486778420957e-01       2.399247494994e+02 
       5.517526892674e-01       2.370256283539e+02 
       5.548275365529e-01       2.341817786860e+02 
       5.579023839501e-01       2.313910486354e+02 
       5.609772314573e-01       2.286471242816e+02 
       5.640520790726e-01       2.259415616977e+02 
       5.671269267943e-01       2.232699044171e+02 
       5.702017746207e-01       2.206326611862e+02 
       5.732766225501e-01       2.180348178366e+02 
       5.763514705807e-01       2.154810243339e+02 
       5.794263187111e-01       2.129722748507e+02 
       5.825011669396e-01       2.105041331289e+02 
       5.855760152646e-01       2.080709008020e+02 
       5.886508636847e-01       2.056692335015e+02 
       5.917257121984e-01       2.033012549636e+02 
       5.948005608042e-01       2.009724662720e+02 
       5.978754095006e-01       1.986882775869e+02 
       6.009502582864e-01       1.964488562093e+02 
       6.040251071601e-01       1.942500591735e+02 
       6.070999561204e-01       1.920846626940e+02 
       6.101748051659e-01       1.899470179007e+02 
       6.132496542954e-01       1.878372976600e+02 
       6.163245035077e-01       1.857592147525e+02 
       6.193993528014e-01       1.837175223147e+02 
       6.224742021754e-01       1.817141188561e+02 
       6.255490516285e-01       1.797450605558e+02 
       6.286239011596e-01       1.778034350428e+02 
       6.316987507674e-01       1.758828448588e+02 
       6.347736004509e-01       1.739829522517e+02 
       6.378484502090e-01       1.721076431037e+02 
       6.409233000406e-01       1.702624471259e+02 
       6.439981499446e-01       1.684509163580e+02 
       6.470729999200e-01       1.666716202240e+02 
       6.501478499658e-01       1.649191066941e+02 
       6.532227000810e-01       1.631867544473e+02 
       6.562975502647e-01       1.614727150797e+02 
       6.593724005158e-01       1.597791657844e+02 
       6.624472508334e-01       1.581122737808e+02 
       6.655221012166e-01       1.564758399375e+02 
       6.685969516645e-01       1.548701776027e+02 
       6.716718021761e-01       1.532906097105e+02 
       6.747466527507e-01       1.517304995010e+02 
       6.778215033874e-01       1.501862273229e+02 
       6.808963540853e-01       1.486585951447e+02 
       6.839712048436e-01       1.471516121771e+02 
       6.870460556614e-01       1.456703412480e+02 
       6.901209065380e-01       1.442159628924e+02 
       6.931957574727e-01       1.427849148852e+02 
       6.962706084645e-01       1.413722699839e+02 
       6.993454595129e-01       1.399735489581e+02 
       7.024203106169e-01       1.385879812735e+02 
       7.054951617760e-01       1.372194198069e+02 
       7.085700129894e-01       1.358718968096e+02 
       7.116448642563e-01       1.345481138534e+02 
       7.147197155761e-01       1.332461722282e+02 
       7.177945669481e-01       1.319622262284e+02 
       7.208694183716e-01       1.306919226133e+02 
       7.562734776979e-01       1.171945491808e+02 
       7.948465839275e-01       1.046127103737e+02 
       8.368592135120e-01       9.295887654961e+01 
       8.825207217521e-01       8.225347348162e+01 
       9.319641345155e-01       7.251538015843e+01 
       9.852531289521e-01       6.374257813974e+01 
       1.042411096128e+00       5.589072550414e+01 
       1.381837331894e+00       2.872456404176e+01 
       4.145511995682e+00       1.902779528203e+00 
